121
179
55
222
184
195
262
161
36
140
248
203
202
99
212
160
93
201
206
178
97
92
126
191
96
61
35
41
26
10
29
83
12
218
86
263
54
107
78
170
148
13
65
238
229
50
217
226
51
27
265
70
88
118
6
7
213
143
231
5
2
159
225
247
16
15
149
21
17
39
142
90
204
234
40
194
220
258
130
157
155
236
79
109
176
62
89
101
24
240
185
214
66
116
190
207
163
20
100
171
117
137
124
245
223
119
133
9
243
95
141
71
108
233
188
38
138
168
77
45
177
59
120
44
230
244
18
215
60
173
259
224
73
11
46
180
48
232
192
147
264
250
37
164
246
154
221
94
216
28
4
135
227
187
132
146
197
256
67
251
74
106
193
153
125
53
181
249
19
58
3
123
210
98
166
211
129
198
169
56
239
47
128
87
64
72
156
257
208
111
49
209
52
57
205
22
75
32
242
8
162
254
261
31
84
167
182
151
228
189
200
172
30
237
158
136
175
1
102
85
113
253
23
43
252
91
33
219
255
68
144
115
183
186
82
196
174
34
25
165
131
139
63
76
127
241
14
235
134
80
114
122
42
81
260
69
145
152
150
112