208
134
139
151
183
243
15
233
82
92
89
213
10
227
250
220
24
78
64
90
125
75
242
36
145
85
68
246
177
203
258
28
100
121
116
26
39
51
19
23
109
46
66
93
21
241
256
218
202
187
128
232
1
95
157
160
174
167
192
238
211
141
164
30
214
38
76
87
50
140
115
12
173
20
102
222
198
58
77
240
69
165
149
142
179
91
228
153
138
163
79
197
175
137
255
16
150
260
25
205
185
27
96
6
62
32
59
189
53
253
72
212
29
191
55
94
263
178
170
123
265
9
74
108
244
209
224
111
252
146
107
248
135
257
186
129
97
130
81
235
60
80
48
86
154
8
42
182
124
54
210
49
171
40
67
180
35
225
71
3
231
184
259
147
120
239
206
73
230
2
52
33
223
152
101
190
245
99
61
43
18
122
207
217
262
44
249
194
229
226
155
162
247
254
113
219
131
201
57
47
168
5
161
41
166
215
14
143
200
34
172
65
234
216
98
11
159
4
127
195
63
114
117
136
70
204
84
188
37
112
22
31
132
158
126
148
251
237
261
17
193
196
45
56
88
221
181
118
119
106
169
156
83
13
144
176
7
264
236
133